45.100000
48.600000
53.200000
57.600000
57.600000
52.200000
60.100000
74.600000
96.600000
110.500000
135.600000
134.700000
98.200000
64.700000
48.500000
44.300000
54.400000
56.700000
52.100000
60.700000
72.700000
78.900000
68.700000
66.600000
100.000000
128.600000
148.200000
165.700000
156.000000
138.500000
113.900000
90.200000
73.500000
75.900000
67.800000
68.600000
83.800000
119.500000
121.600000
108.300000
113.400000
139.100000
148.100000
122.800000
113.800000
89.900000
71.700000
70.600000
95.900000
116.500000
143.600000
169.400000
178.000000
156.500000
135.300000
103.900000
75.200000
66.200000
53.700000
33.600000
36.200000
44.000000
40.400000
24.900000
20.100000
17.900000
28.400000
34.400000
41.600000
84.400000
173.100000
180.800000
116.700000
120.400000
164.400000
172.800000
149.200000
108.400000
91.100000
98.900000
94.000000
113.100000
134.800000
154.100000
157.600000
180.500000
179.700000
185.200000
227.200000
220.800000
223.900000
256.600000
264.400000
193.700000
159.100000
118.700000
86.200000
104.000000
119.700000
140.600000
203.500000
201.800000
178.200000
206.000000
205.200000
232.100000
259.400000
276.100000
244.300000
185.200000
